13741022
13745420
14807737
13649268
2222318
4723816
671351
14034177
209943
6392001
14592610
14299637
14449405
13558490
5108740
418025
9633969
2514187
226566
7296428
6193203
7314427
1835496
484166
2657219
6647206
2604760
2281093
13497135
14584765
2707683
15010703
14807558
14322699
2524171
14818238
13518963
14204950
822367
14171682
109660
14366759
6479665
1619354
5407119
407535
30358
1641914
13561719
19613
14779550
7247071
14304060
156601
10059582
3081021
6355894
14242337
14236226
14964367
9312645
126264
7357388
2436349
1133281
49003
9622049
674607
14964590
14807929
7846
7311115
5154517
48225
813978
875394
11439690
7326557
26192
11426530
1010118
2267060
8303504
14821043
4916342
7943480
7347
31264
4657876
4835724
14373582
9613191
14381416
14189204
13974317
5980875
1987160
14558226
14625458
14601829
14736972
2905612
7881800
14751863
3740161
14031108
14727670
14533203
205885
7492516
2228698
797697
14457041
6828818
2830852
7283608
692130
123170
5788149
14552802
248977
14951377
14621446
15077571
2715941
4482543
14940386
14743582
5669934
10158756
13329641
3910033
13633375
3248958
2716866
7444668
14061805
3247620
84738
4743605
78760
633864
14745635
14465048
14057371
14316714
13489037
904623
14239425
4522421
4475
9315159
14501726
14055623
14041256
24720
1787955
2716205
14728724
657604
20090
14778436
14724436
4470232
14085708
14365950
3786417
11486178
7485475
947128
3183080
2676054
892467
940842
803325
6986894
9882007
13600404
8630985
14605787
2623529
3575240
88481
14103288
5417975
14110411
14336539
14622893
664483
670261
2722458
5849789
4836268
5733583
5220461
5732756
2475922
628491
8008335
719734
14547643
14145095
5062748
14084880
1156834
2832168
14108324
3676175
14712692
955060
2367363
5701944
224901
7427337
1448100
5835747
153263
7356676
15027189
13545382
4718563
6021499
2452885
203342
146138
3265032
5464104
3834836
1355326
13934900
2480923
4166841
2694933
13790712
13795489
8616311
1170962
8289449
2821943
836236
941990
14006945
686447
7526757
13278375
2210855
14767996
3771443
5142180
14798450
7160883
14756039
3496892
4688246
5739043
13565379
15265518
5515670
14285662
21939
952963
1476483
10101634
562280
5397468
4959672
19128
13899404
9631463
2630189
14587688
13863771
5867413
9624168
14110674
5462674
5225090
13440063
14904359
14147627
1449974
69879
6698252
372013
5832264
13714184
10753546
13446390
5413241
632627
9416076
296178
6272290
3763727
3094503
10450303
14176895
13112664
5202497
4493505
15032661
2673637
515154
14239918
13456715
15090379
14898470
1850315
9629752
315986
9475292
13526110
14732946
14023236
10490141
14252864
14544672
2120997
7323922
1617192
9304750
13616054
2996840
3124700
3080309
8497294
7365849
13577934
13927383
869596
46534
6251781
651991
5849040
6724763
609683
14633206
972621
2621395
29677
661091
1791625
14871968
14620895
2721948
3713736
3214670
5408684
14052403
15058310
15090742
14253124
7971582
13635336
14778019
3278248
3269401
14116321
730052
14850483
1011725
939277
7951464
7249426
14548913
5089947
8053905
2720201
6400510
3329880
2721160
15266911
280853
7959269
5237227
14954601
14836127
3492717
8184861
2604477
15026716
5678932
7373277
348746
15180528
8673395
2231661
8053576
4744814
644583
635850
2673134
843959
352826
5869584
1202904
1073995
2620587
5075602
1035530
5682950
13968547
5752544
14512817
2510337
13972797
14589223
5048123
5327134
31921
34213
2681795
689344
5770926
2603699
7373803
5728678
440786
1647229
5071027
1168468
10741590
2632940
14580897
1534147
6481320
6284777
851994
5200169
358931
369802
872886
5819149
13854649
650353
786195
10025730
5190804
2422663
7359599
766418
14081375
14994328
4489008
7996689
138508
5857459
13841213
14752057
14751417
13275288
2718259
13582013
1295275
3091374
883297
2402010
9761403
9379111
11585340
8386555
5616246
13867641
14411243
13577171
2050132
15046900
8342039
7010821
7966140
11449002
235368
15269513
14566129
14888884
14999913
13583478
15089472
10484858
13282550
13920835
6634376
15155220
15154774
15140892
2725367
1097743
14550797
15209706
13458571
391599
169651
634472
14462666
14449126
5113133
6738281
7420770
212414
14536438
15271008
439958
13508333
2137132
14391660
6513366
14395018
8580803
823436
13733167
4941325
8220714
9627906
351638
11412727
1340439
13424865
1819147
10595647
14493145
5802185
14226056
14350292
14219661
14749794
1001294
6722453
1631534
7501545
11418750
1619231
2163746
635012
5708432
208836
14560612
5686481
43195
1645601
1753788
13541167
7337390
2721538
14884120
14075199
152018
646833
1640855
7560652
15058023
618878
621627
15059939
15060131
303465
7138085
2938514
11492833
14971519
2720725
3550533
746718
14547369
42757
2609764
14499262
4748836
1123598
7466557
6252138
7367812
5896733
6879180
362348
1066163
954608
2431320
7494363
5726596
140123
14117805
7447641
6650070
1000214
2083346
9608709
13576355
247390
6702458
5161614
7578363
13899200
14015731
8337324
5248181
5174653
15113229
6100236
14400677
14052046
14045507
14151139
14724645
838098
7000195
177127
5010627
13985818
14315192
6125041
13245626
5199286
13819207
13482330
6880249
662681
4048568
2391803
7445480
1619929
1270199
7290905
7417644
116687
44455
14434681
943837
14588219
1587062
614489
2556126
8568978
14338942
806502
8566028
3299929
1639714
227165
363260
2471690
2633881
6502378
13496972
14723628
14987695
7435273
6043075
5275651
14288235
5267548
7334490
14037619
14276936
66216
7307754
14227218
5449268
46177
2452
2426171
235435
637259
14708720
14840755
14617189
874067
23100
5816287
1015244
374224
789138
2673965
807461
5706954
5119367
5653575
7527352
471711
13466586
1161161
1158872
14016361
6733939
2632167
5941423
5984287
2108377
831651
309647
2110927
5042871
928630
4679549
15272029
13939892
5945642
6868043
2439281
2547586
1798936
7478169
15236475
11692265
3522239
14361664
1068773
14938907
5040275
2397637
7480068
5152150
10373801
3309808
15388
1471682
5447757
958896
14070360
7518132
4938228
6401328
14983143
7345593
14598383
2722166
4169152
3828465
281101
331950
5704266
8180190
6286395
7938773
13279262
14806838
9385911
7942152
15286249
11675842
13783581
2554922
13717155
2718469
2238085
15062778
9230768
3733925
2743547
6309383
8459252
5764197
15116532
13634615
10787470
5892096
5020358
1085793
14236743
2719105
5425910
14113798
14710501
14267841
14766364
15291801
13371489
14186541
7975026
1009871
379422
14585519
14235200
2137
654625
14618834
13888491
4731497
14376855
3570838
14010148
14234074
14541044
14603497
5829480
1184814
5919034
7296190
496167
3264542
14317720
6080522
13509528
14127211
7933274
13083586
14295248
5929008
863513
5093890
13809920
4951373
4683453
14739004
15120823
36762
4217882
4988666
812274
5404728
9605289
15118228
14817592
4423288
14494893
14059928
14320394
13535261
14084502
13553916
14531772
10405694
230746
831191
14076126
7162194
14035298
5809192
699815
4763925
15030481
955601
5765159
13934274
13973990
791527
7339329
258857
4013729
1421622
2677097
5774614
5138488
4661706
13603305
23271
5644922
13821570
690614
13473097
5648247
1461328
1237415
9619824
13850304
952524
33020
13801424
6636259
4013993
1627355
42311
7450842
9918248
2316868
975452
5023741
137313
6598915
606335
597915
1198101
9632274
81072
320852
828990
14980215
5710020
14462946
6714976
5090441
37396
5682570
2451370
33615
1239064
964694
575741
5797597
1080366
9386422
11495041
5999797
1057200
7552087
14195315
2512305
5723210
5269901
10322238
7523905
8664443
1012073
13608598
3054098
5333259
2473431
2764245
15101361
7950920
14744841
2110220
7974025
4602044
124442
2704349
5155821
4339291
9304465
7407777
607114
3202760
8621598
5560244
5093581
14187378
4790449
14014621
13685678
14604959
7291312
5313679
3681148
13954253
149084
11421401
5839024
4756172
5559908
5123416
4019101
15068635
14919948
8426461
13792579
5301392
14944888
14731135
6637824
6362953
5298729
452512
4571088
4773351
8645963
15098161
1825237
3323703
1794668
13252973
13757724
14520518
2831724
3097890
2792049
13357178
10332385
9654687
10677713
2202928
266806
14446652
14178913
2718811
14213199
9180259
7321772
2536557
157081
6421301
4076846
13903079
1296462
2489589
3122748
13575869
2664769
5670710
13601596
7570720
6021761
44150
168237
697589
6700447
761713
7148192
10351874
6045562
14252320
4188643
5926676
8208016
13513747
3808564
1182709
13533470
2704153
5616786
4320126
6169932
2723292
14207561
2329401
14326607
10200365
1742886
441445
4416530
4522904
4069276
5695806
894738
5445668
5888929
191142
1724459
7044917
9465459
10676877
2169352
879759
2469914
14792703
13826959
5054863
10399491
5610008
10249459
6339416
14832193
7809368
13756125
5859630
5289601
365995
14864360
5389939
14360459
11486708
14121276
14800277
3910417
3808977
6284225
3809939
5064037
1849221
2635956
93775
11444117
7204401
9827683
2718084
14113228
14115914
14573196
5475681
5430628
6081833
15034074
14807410
231567
14196405
5449959
14734348
15015501
7204911
13870805
5264913
15228378
5667196
1009240
8123696
14887305
5107765
337486
4999401
996969
4341686
192051
5983801
29378
4756635
10235549
4074482
70965
7325190
2439501
9777353
14481929
5299178
6480506
7168131
8620061
14351321
66636
4007894
1101913
3679986
2663643
13447361
14877585
10080869
8324514
5925366
15122011
14974264
2199590
8660339
14557898
3101986
6612266
3800001
13803782
10398624
5858936
14398067
14558599
9816771
285557
199130
28270
6470073
5483677
9898892
5726345
10480253
13758296
5578911
14724264
13815742
6619065
454868
5605944
4940146
14971234
14780040
118523
5053688
24264
5038959
6054892
14771088
4933544
4537602
2682038
14382238
10305802
4424218
4528630
5074774
708538
5398023
2797881
5432736
14627081
7007684
1072262
100253
5868954
5902545
14040660
3302121
4787763
6321702
13856574
8209687
5944958
5196375
229605
13564910
599992
2698769
2690708
1642924
916909
4753455
5772356
10756433
6200178
680841
14441825
2696801
14191037
7497473
1777210
1129920
748282
6786629
1027379
817680
14514039
7597145
9190918
11419404
4764412
406243
10144838
10675876
14408086
2719750
7555863
3076708
6999802
14747338
6748969
794981
5833840
250259
252019
8457976
5775081
14548343
317700
1017987
6684383
7011209
6253140
7498854
32613
1077350
13824815
5855125
5414534
1127795
10466918
6652242
13919685
9759069
6755568
1221611
5723563
6763273
14380140
1621555
3736970
10192926
13241600
5497363
15088440
947077
11452218
3920989
5108947
278117
14321469
13815152
13308999
8593130
2005948
5652926
4921754
9178821
7185325
5225602
9764201
13932421
6643408
2225492
6791372
918872
339934
7342049
351485
923793
859001
3673767
5817845
5898568
27167
7406350
7217349
3748886
1435380
13791389
2684
258854
7368256
383606
2012344
120316
1631072
196485
2035919
1019524
6681177
754942
45907
2213690
8491027
20827
4616059
5781800
11410625
1857717
5846054
1047338
2700867
10599354
438495
72989
809465
13450862
4733640
3419014
13286801
22099
14246359
5023233
7324673
6894544
1886756
719494
14222112
8593262
14123044
2441022
186634
4340750
940384
14849367
5820620
13534954
14174549
7260623
704690
5736149
1111028
4362025
2533282
6887726
14705533
7020895
8647945
2106506
10488309
5651971
1201021
8456993
566135
2669789
8567235
5036394
2660631
3859280
2703275
7446404
7510495
429060
5129201
7109847
429048
6643763
5168261
5237755
14229912
14024882
13285176
9287968
151689
14591635
11422597
9612848
11493266
9335240
14586258
10285938
9738708
2725714
4770535
7992450
5817396
4762633
7939382
5289297
7307895
7550369
4777852
283090
275424
4359589
2009433
457382
8491826
14586769
6290637
242808
7358060
8591680
7083732
556313
630380
5808794
269140
1952898
7999699
223500
5695554
13604718
14836642
9630641
4352070
1494310
9623038
6365467
182406
7405893
13961642
1108148
1481360
5916739
2679899
14315071
3096960
5823932
13844690
5870365
193486
4233405
2954340
2714883
14507951
7258332
1151110
13771404
5660268
14375890
4306080
13945919
5798043
639556
14747587
15157225
14165544
4017137
13732295
5548726
5402091
14735953
14100769
14352890
14181713
11579418
14166118
7308889
5044673
14984973
5038593
489837
5566097
4353189
5032565
802318
4637923
900375
3563967
3553
13576101
15032376
8574314
5436752
4365484
121166
2232190
2013571
4490091
3783017
1843055
3829085
2376958
654885
345926
9181557
3659292
14885088
9366017
5077146
14211294
5803379
5804793
853195
7215377
5250659
23773
14853947
8186047
161225
3562739
4782878
2712393
5856066
2666239
1149911
3198383
14122235
3100490
5303402
5246511
8648322
6208021
5650579
11567411
3917455
12387633
9312843
5767733
10582746
13634784
14540765
7212190
6552984
4437953
7309781
14561618
6593803
5009170
7206096
360757
13457378
1831531
1697816
15144371
913705
